~~~C++
21 25 13 5
21 G11 1
1 2 2
1 4 2
1 G1 4
1 G2 3
2 3 2
2 G2 1
3 4 2
3 G3 2
4 G1 3
G2 G1 1
G3 G2 2
G25 G24 5
10 5 255 15 
1 1 10 1 2 10 1 3 10 1 4 10 1 5 10 1 6 10 1 7 10 1 8 10 1 9 10 1 10 10 1 G1 10 1 G2 10 1 G3 10 1 G4 10 1 G5 10 2 1 10 2 2 10 2 3 10 2 4 10 2 5 10 2 6 10 2 7 10 2 8 10 2 9 10 2 10 10 2 G1 10 2 G2 10 2 G3 10 2 G4 10 2 G5 10 3 1 10 3 2 10 3 3 10 3 4 10 3 5 10 3 6 10 3 7 10 3 8 10 3 9 10 3 10 10 3 G1 10 3 G2 10 3 G3 10 3 G4 10 3 G5 10 4 1 10 4 2 10 4 3 10 4 4 10 4 5 10 4 6 10 4 7 10 4 8 10 4 9 10 4 10 10 4 G1 10 4 G2 10 4 G3 10 4 G4 10 4 G5 10 5 1 10 5 2 10 5 3 10 5 4 10 5 5 10 5 6 10 5 7 10 5 8 10 5 9 10 5 10 10 5 G1 10 5 G2 10 5 G3 10 5 G4 10 5 G5 10 6 1 10 6 2 10 6 3 10 6 4 10 6 5 10 6 6 10 6 7 10 6 8 10 6 9 10 6 10 10 6 G1 10 6 G2 10 6 G3 10 6 G4 10 6 G5 10 7 1 10 7 2 10 7 3 10 7 4 10 7 5 10 7 6 10 7 7 10 7 8 10 7 9 10 7 10 10 7 G1 10 7 G2 10 7 G3 10 7 G4 10 7 G5 10 8 1 10 8 2 10 8 3 10 8 4 10 8 5 10 8 6 10 8 7 10 8 8 10 8 9 10 8 10 10 8 G1 10 8 G2 10 8 G3 10 8 G4 10 8 G5 10 9 1 10 9 2 10 9 3 10 9 4 10 9 5 10 9 6 10 9 7 10 9 8 10 9 9 10 9 10 10 9 G1 10 9 G2 10 9 G3 10 9 G4 10 9 G5 10 10 1 10 10 2 10 10 3 10 10 4 10 10 5 10 10 6 10 10 7 10 10 8 10 10 9 10 10 10 10 10 G1 10 10 G2 10 10 G3 10 10 G4 10 10 G5 10 G1 1 10 G1 2 10 G1 3 10 G1 4 10 G1 5 10 G1 6 10 G1 7 10 G1 8 10 G1 9 10 G1 10 10 G1 G1 10 G1 G2 10 G1 G3 10 G1 G4 10 G1 G5 10 G2 1 10 G2 2 10 G2 3 10 G2 4 10 G2 5 10 G2 6 10 G2 7 10 G2 8 10 G2 9 10 G2 10 10 G2 G1 10 G2 G2 10 G2 G3 10 G2 G4 10 G2 G5 10 G3 1 10 G3 2 10 G3 3 10 G3 4 10 G3 5 10 G3 6 10 G3 7 10 G3 8 10 G3 9 10 G3 10 10 G3 G1 10 G3 G2 10 G3 G3 10 G3 G4 10 G3 G5 10 G4 1 10 G4 2 10 G4 3 10 G4 4 10 G4 5 10 G4 6 10 G4 7 10 G4 8 10 G4 9 10 G4 10 10 G4 G1 10 G4 G2 10 G4 G3 10 G4 G4 10 G4 G5 10 G5 1 10 G5 2 10 G5 3 10 G5 4 10 G5 5 10 G5 6 10 G5 7 10 G5 8 10 G5 9 10 G5 10 10 G5 G1 10 G5 G2 10 G5 G3 10 G5 G4 10 G5 G5 10
    
	0 	1 	2 	3 	4
	10	6	11		4
    1 4 9 16 25
    2 1 5 2
10 8
1 22 33 44 55 66 777 888
66 33 1 22 55 44 888 777

~~~













